0.000000000000000000e+00
2.576975781250000000e+05
5.155224218750000000e+05
7.732975781250000000e+05
1.031097578125000000e+06
1.288897578125000000e+06
1.546757578125000000e+06
1.804635156250000000e+06
2.062442421875000000e+06
2.320332578125000000e+06
2.578217421875000000e+06
2.836137421875000000e+06
3.094057421875000000e+06
3.352012578125000000e+06
3.609992578125000000e+06
3.867990156250000000e+06
4.126000000000000000e+06
4.384022421875000000e+06
4.642080000000000000e+06
4.900162421875000000e+06
5.158280000000000000e+06
