0.000000000000000000e+00
2.576975781250000000e+05
5.155224218750000000e+05
7.732975781250000000e+05
1.031097578125000000e+06
1.288897578125000000e+06
1.546757578125000000e+06
1.804635156250000000e+06
2.062442421875000000e+06
2.320332578125000000e+06
2.578217421875000000e+06
2.836137421875000000e+06
3.094057421875000000e+06
3.352012578125000000e+06
3.609992578125000000e+06
3.867990156250000000e+06
4.126000000000000000e+06
4.384022421875000000e+06
4.642080000000000000e+06
4.900162421875000000e+06
5.158280000000000000e+06
1.084493257812500000e+07
1.136288984375000000e+07
1.162194257812500000e+07
1.188109242187500000e+07
1.214025257812500000e+07
1.239949757812500000e+07
1.265876742187500000e+07
1.291812015625000000e+07
1.317749242187500000e+07
1.343697015625000000e+07
1.369652242187500000e+07
1.395612015625000000e+07
1.421575000000000000e+07
1.447551515625000000e+07
1.473534257812500000e+07
1.499520515625000000e+07
1.525513500000000000e+07
1.551514742187500000e+07
1.577526757812500000e+07
1.603541257812500000e+07
