0.000000000000000000e+00
2.318930000000000000e+06
2.576645156250000000e+06
2.834325156250000000e+06
3.092047578125000000e+06
3.349787578125000000e+06
3.607480156250000000e+06
3.865220156250000000e+06
4.122985000000000000e+06
4.380725000000000000e+06
4.638507421875000000e+06
4.896300156250000000e+06
5.154100156250000000e+06
5.411917734375000000e+06
5.669742578125000000e+06
5.927602578125000000e+06
6.185445000000000000e+06
6.443335156250000000e+06
6.701220000000000000e+06
6.959140000000000000e+06
7.217060000000000000e+06
7.475015156250000000e+06
7.732977578125000000e+06
7.990975156250000000e+06
8.249002578125000000e+06
8.507025000000000000e+06
8.765082578125000000e+06
9.023165000000000000e+06
9.281282578125000000e+06
9.539417734375000000e+06
9.797560156250000000e+06
1.005576257812500000e+07
1.031398257812500000e+07
1.057220757812500000e+07
1.083050515625000000e+07
1.238085515625000000e+07
1.263940000000000000e+07
1.289793757812500000e+07
1.315654015625000000e+07
1.341516257812500000e+07
1.367385000000000000e+07
1.393258515625000000e+07
1.419135015625000000e+07
1.445017015625000000e+07
1.470903757812500000e+07
1.496793515625000000e+07
1.522688015625000000e+07
1.548589242187500000e+07
1.574496273437500000e+07
1.600408773437500000e+07
1.626325515625000000e+07
1.652248257812500000e+07
1.678177000000000000e+07
1.704110515625000000e+07
1.730051257812500000e+07
1.755998000000000000e+07
1.781950742187500000e+07
1.807912273437500000e+07
1.833878773437500000e+07
1.859852500000000000e+07
1.885832757812500000e+07
1.911820773437500000e+07
1.937813757812500000e+07
1.963816757812500000e+07
1.989825257812500000e+07
2.015843273437500000e+07
2.041866757812500000e+07
2.067901015625000000e+07
2.093944257812500000e+07
2.119991742187500000e+07
2.146047515625000000e+07
2.172118273437500000e+07
2.198189757812500000e+07
2.224276757812500000e+07
2.302579257812500000e+07
2.328692015625000000e+07
2.354819757812500000e+07
2.380956515625000000e+07
2.407097515625000000e+07
2.433250515625000000e+07
2.459410015625000000e+07
2.485579257812500000e+07
2.511754500000000000e+07
2.537938000000000000e+07
2.564128757812500000e+07
2.590326015625000000e+07
2.616531757812500000e+07
2.642743000000000000e+07
2.668960742187500000e+07
2.695183757812500000e+07
2.721413000000000000e+07
2.747646257812500000e+07
2.773883757812500000e+07
2.800124773437500000e+07
2.826366515625000000e+07
2.852612500000000000e+07
2.878860773437500000e+07
