0.000000000000000000e+00
2.577151562500000000e+05
5.153951562500000000e+05
7.731175781250000000e+05
1.030857578125000000e+06
1.288550156250000000e+06
1.546290156250000000e+06
1.804055000000000000e+06
2.061795000000000000e+06
2.319577421875000000e+06
2.577370156250000000e+06
2.835170156250000000e+06
3.092987734375000000e+06
3.350812578125000000e+06
3.608672578125000000e+06
3.866515000000000000e+06
4.124405156250000000e+06
4.382290000000000000e+06
4.640210000000000000e+06
4.898130000000000000e+06
5.156085156250000000e+06
5.414047578125000000e+06
5.672045156250000000e+06
5.930072578125000000e+06
6.188095000000000000e+06
6.446152578125000000e+06
6.704235000000000000e+06
6.962352578125000000e+06
7.220487734375000000e+06
7.478630156250000000e+06
7.736832578125000000e+06
7.995052578125000000e+06
8.253277578125000000e+06
8.511575156250000000e+06
1.006192515625000000e+07
1.032047000000000000e+07
1.057900757812500000e+07
1.083761015625000000e+07
1.109623257812500000e+07
1.135492000000000000e+07
1.161365515625000000e+07

