0.000000000000000000e+00
2.577151562500000000e+05
5.153951562500000000e+05
7.731175781250000000e+05
1.030857578125000000e+06
1.288550156250000000e+06
1.546290156250000000e+06
1.804055000000000000e+06
2.061795000000000000e+06
2.319577421875000000e+06
2.577370156250000000e+06
2.835170156250000000e+06
3.092987734375000000e+06
3.350812578125000000e+06
3.608672578125000000e+06
3.866515000000000000e+06
4.124405156250000000e+06
4.382290000000000000e+06
4.640210000000000000e+06
4.898130000000000000e+06
5.156085156250000000e+06
5.414047578125000000e+06
5.672045156250000000e+06
5.930072578125000000e+06
6.188095000000000000e+06
6.446152578125000000e+06
6.704235000000000000e+06
6.962352578125000000e+06
7.220487734375000000e+06
7.478630156250000000e+06
7.736832578125000000e+06
7.995052578125000000e+06
8.253277578125000000e+06
8.511575156250000000e+06
1.006192515625000000e+07
1.032047000000000000e+07
1.057900757812500000e+07
1.083761015625000000e+07
1.109623257812500000e+07
1.135492000000000000e+07
1.161365515625000000e+07
1.187242015625000000e+07
1.213124015625000000e+07
1.239010757812500000e+07
1.264900515625000000e+07
1.290795015625000000e+07
1.316696242187500000e+07
1.342603273437500000e+07
1.368515773437500000e+07
1.394432515625000000e+07
1.420355257812500000e+07
1.446284000000000000e+07
1.472217515625000000e+07
1.498158257812500000e+07
1.524105000000000000e+07
1.550057742187500000e+07
1.576019273437500000e+07
1.601985773437500000e+07
1.627959500000000000e+07
1.653939757812500000e+07
1.679927773437500000e+07
1.705920757812500000e+07
1.731923757812500000e+07
1.757932257812500000e+07
1.783950273437500000e+07
1.809973757812500000e+07
1.836008015625000000e+07
1.862051257812500000e+07
1.888098742187500000e+07
1.914154515625000000e+07
1.940225273437500000e+07
1.966296757812500000e+07
1.992383757812500000e+07
2.070686257812500000e+07
2.096799015625000000e+07
2.122926757812500000e+07
2.149063515625000000e+07
2.175204515625000000e+07
2.201357515625000000e+07
2.227517015625000000e+07
2.253686257812500000e+07
2.279861500000000000e+07
2.306045000000000000e+07
2.332235757812500000e+07
2.358433015625000000e+07
2.384638757812500000e+07
2.410850000000000000e+07
2.437067742187500000e+07
2.463290757812500000e+07
2.489520000000000000e+07
2.515753257812500000e+07
2.541990757812500000e+07
2.568231773437500000e+07
2.594473515625000000e+07
2.620719500000000000e+07
2.646967773437500000e+07
