0.000000000000000000e+00
2.585551562500000000e+05
5.173274218750000000e+05
7.763763671875000000e+05
1.035710000000000000e+06
1.295281367187500000e+06
1.555138632812500000e+06
1.815232421875000000e+06
2.075597578125000000e+06
2.336187421875000000e+06
2.597023789062500000e+06
2.858065000000000000e+06
3.119295000000000000e+06
3.380696210937500000e+06
3.642257578125000000e+06
3.903932421875000000e+06
4.165711210937500000e+06
4.427563789062500000e+06
4.689445000000000000e+06
4.951348789062500000e+06
5.213221210937500000e+06
5.475056210937500000e+06
5.736805000000000000e+06
5.998460000000000000e+06
6.259968789062500000e+06
6.521331210937500000e+06
6.782510000000000000e+06
7.043487578125000000e+06
7.304245605468750000e+06
7.564768789062500000e+06
7.825046210937500000e+06
8.085071210937500000e+06
8.344826816406250000e+06
8.604316210937500000e+06
8.863539394531250000e+06
9.122488789062500000e+06
9.381184394531250000e+06
9.639615000000000000e+06
9.897805000000000000e+06
1.015575939453125000e+07
1.041348878906250000e+07
1.067101818359375000e+07
1.092835939453125000e+07
1.118552939453125000e+07
1.144255500000000000e+07
1.169946280273437500e+07
1.195627060546875000e+07
1.221299878906250000e+07
1.246967500000000000e+07
1.272632378906250000e+07
1.298297000000000000e+07
1.323964060546875000e+07
1.349636000000000000e+07
1.375315439453125000e+07
1.401004500000000000e+07
1.426705439453125000e+07
1.452421318359375000e+07
1.478152878906250000e+07
1.503903060546875000e+07
1.529673378906250000e+07
1.555465378906250000e+07
1.581280560546875000e+07
1.607120121093750000e+07
1.632985000000000000e+07
1.658875621093750000e+07
1.684792878906250000e+07
1.710736181640625000e+07
1.736706121093750000e+07
1.762701818359375000e+07
1.788722757812500000e+07
1.814767681640625000e+07
1.840835439453125000e+07
1.866925000000000000e+07
1.893033000000000000e+07
1.919158121093750000e+07
1.945299121093750000e+07
1.971451757812500000e+07
1.997614621093750000e+07
2.023784378906250000e+07
2.049957500000000000e+07
2.076132000000000000e+07
2.102304757812500000e+07
2.128472742187500000e+07
2.154632621093750000e+07
2.180782257812500000e+07
2.206916378906250000e+07
2.233036742187500000e+07
2.259139257812500000e+07
2.285220257812500000e+07
